1317383440.349303960 0.0 0.0 0.0 0.00990788421315 0.0197919088783 0.746557638705 0.664952484216
1317383440.453464031 -0.14272475522 1.24972395087 -0.00619506835 0.00971572837755 0.0205495634056 0.746615384307 0.66486749656
1317383440.557621955 -0.30190760782 2.62754714722 -0.00809478759 0.00979665535545 0.0210239400937 0.74672496128 0.664728404455
1317383440.661781072 -0.445670872927 3.88274638355 -0.01427459716 0.0108533551851 0.0212341413419 0.746757227009 0.664669060385
1317383440.765938997 -0.604208863573 5.2675961717 -0.01900482177 0.0108135596753 0.0214277800106 0.74672328229 0.664701629949
1317383440.870095014 -0.748246026109 6.52889220556 -0.02753448486 0.0106092720053 0.0217972718877 0.746680270755 0.664741224501
1317383440.974277019 -0.891570897773 7.79341245675 -0.03701782226 0.0107567360617 0.0227289048848 0.74662435041 0.664770463308
1317383441.78460931 -1.0506696743 9.18768721027 -0.04718780517 0.010312262972 0.0228997685113 0.746694110606 0.664693284923
1317383441.182621002 -1.19668070972 10.4573713015 -0.05849456787 0.0107614048179 0.0221795488655 0.746783916498 0.664609691351
1317383441.286780118 -1.35691990901 11.8584079482 -0.07645416259 0.0108190262271 0.0201828799168 0.746847483716 0.664600960048
1317383441.390961885 -1.50512321864 13.135182383 -0.09157562255 0.0100529029667 0.0186422926241 0.746777838597 0.664736236298
1317383441.495167970 -1.65572713886 14.4145804718 -0.09958648681 0.00921596619638 0.0177906365573 0.746778285798 0.664771202053
1317383441.599349021 -1.82125493989 15.8257911936 -0.10455322265 0.00851018838878 0.0175705767819 0.746744953522 0.664823905944
1317383441.703510046 -1.96960180672 17.1123660272 -0.10903930664 0.00823702165563 0.0191856142635 0.74659394377 0.66495228912
1317383441.807693958 -2.13080027106 18.5306566027 -0.11561584472 0.00875482566034 0.0214580900438 0.746471629131 0.665013541443
1317383441.911878108 -2.27656101179 19.8218174414 -0.1279220581 0.010415472726 0.0217563547012 0.746525695738 0.664919216567
1317383442.16061067 -2.44223277154 21.2467842316 -0.13425445556 0.0118142596205 0.0214552192281 0.746557866325 0.664869497771
1317383442.120265960 -2.595104423 22.5454651429 -0.13482666015 0.0116281137931 0.0201608075134 0.746373955941 0.665119723586
1317383442.224472045 -2.74994651717 23.8481033398 -0.1369857788 0.010248415143 0.0194108426193 0.746150830273 0.665415004083
1317383442.328679084 -2.91722371755 25.2865433339 -0.13595581054 0.0073942467873 0.0210643611216 0.745940123295 0.665638753577
1317383442.432862997 -3.06548434775 26.5954447049 -0.14408874511 0.00814227527228 0.02196508907 0.745764576599 0.665797592745
1317383442.537046909 -3.22673085681 28.0388855794 -0.14985656738 0.0102511408079 0.0230474856144 0.745842528444 0.665644537485
1317383442.641227960 -3.37503272947 29.3531741542 -0.15711975097 0.0113656215952 0.0224398540292 0.745821763781 0.665670468225
1317383442.745384931 -3.53949646221 30.8031806257 -0.16143798828 0.0122646620503 0.0216980895754 0.745666231918 0.665853318345
1317383442.849585056 -3.69074144959 32.1239679521 -0.16476440429 0.0113521111837 0.0203844921322 0.745460239778 0.666141601285
1317383442.953767061 -3.84106192656 33.4472906846 -0.16814422607 0.0118243769438 0.0193493254519 0.745333910969 0.666305597211
1317383443.57884931 -4.00573806127 34.9072079533 -0.16594696044 0.0116765083069 0.0188625200876 0.745369181836 0.66628270821
1317383443.162045001 -4.15621701314 36.2378775952 -0.16004180908 0.0108300865682 0.0195841355063 0.745403158474 0.666238172276
1317383443.266202926 -4.32026634167 37.7045369274 -0.16160583496 0.00993586999177 0.0197925655181 0.745562612894 0.666067506408
1317383443.370337963 -4.46980836138 39.0388351725 -0.16681671142 0.00918371442679 0.0187222955759 0.745601715107 0.666065475361
1317383443.474495887 -4.61941911653 40.3759372276 -0.17622375488 0.0084416781989 0.0177420534445 0.745584123712 0.666121814744
1317383443.578655958 -4.78721869888 41.8502255473 -0.17770385742 0.00748874541327 0.0170795469721 0.74561002558 0.666121533598
1317383443.682790994 -4.93837147974 43.1935780295 -0.18249511718 0.00701210900797 0.016758136843 0.745707803625 0.666025425033
1317383443.786923885 -5.10353647568 44.674084791 -0.18774414062 0.00754952729782 0.0170212123104 0.745847925079 0.665855957114
1317383443.891060113 -5.25393245323 46.0231011594 -0.19528198242 0.00805338142605 0.0171160367101 0.746056452605 0.665613967598
1317383443.995171070 -5.42085746757 47.5105510643 -0.20105743408 0.00797733036953 0.0176098794139 0.746390423985 0.66522747187
1317383444.99307060 -5.5757372136 48.8657092317 -0.20558166503 0.00761427493166 0.017806032819 0.746715696518 0.664861366441
1317383444.203439950 -5.73184378713 50.2232337338 -0.21206665039 0.00731470578704 0.0176587508863 0.74706214191 0.664479359891
1317383444.307558059 -5.90534566739 51.7189385155 -0.22061920166 0.00746452690481 0.0175399713715 0.747472426717 0.664019277988
1317383444.411694049 -6.06396090297 53.0810359889 -0.22868347167 0.00693046155585 0.017854117907 0.747834890059 0.663608451111
1317383444.515820026 -6.24117346597 54.5805483744 -0.23460388183 0.00706464572602 0.0187299564817 0.7480986365 0.663285541511
1317383444.619955062 -6.40211242519 55.9437865857 -0.24243164062 0.00757884456308 0.0192372916254 0.74828450106 0.663055648645
1317383444.724091053 -6.5631654493 57.3065660424 -0.24997711181 0.00849412229789 0.0199197666607 0.748461549572 0.662824533036
1317383444.828226089 -6.73979721451 58.8049595747 -0.26038360595 0.00879200064939 0.0206056862239 0.748467915247 0.662792491106
1317383444.932384967 -6.90100710082 60.1661180207 -0.26782226562 0.00894634742526 0.0212453797587 0.748316708238 0.662940948259
1317383445.36518096 -7.07821603655 61.6619371427 -0.275390625 0.00907693062743 0.0218708397064 0.748167962948 0.663086702414
1317383445.140652894 -7.23993304418 63.0192823289 -0.28035736084 0.00984288347523 0.0224266096888 0.748005131154 0.663240897857
1317383445.244812965 -7.39878241601 64.3742440203 -0.28858947753 0.0106507199635 0.0227169237095 0.747832263078 0.663413453166
1317383445.348948001 -7.57378197054 65.8620509668 -0.29650115966 0.0108337180633 0.0224810938244 0.747605029578 0.663674581948
1317383445.453079938 -7.73247751652 67.2123163957 -0.30459594726 0.0102720386616 0.0218763660221 0.7473675824 0.663971088685
1317383445.557250022 -7.91097555601 68.6952856504 -0.30639648437 0.00873657770718 0.0212178056628 0.747238274116 0.664159949582
1317383445.661397933 -8.07124056958 70.0410115481 -0.31217956542 0.00708949684615 0.0203290316608 0.747038573898 0.664431966882
1317383445.765532016 -8.24757999473 71.5175242778 -0.32098388671 0.00558692117657 0.0190590798575 0.746824400356 0.66472464436
1317383445.869668006 -8.40604468854 72.8572911806 -0.3325805664 0.00428480902759 0.0173203536918 0.746661844633 0.664964461854
1317383445.973773956 -8.56292844203 74.1947539542 -0.34455871582 0.003464246453 0.0160519116174 0.746464985329 0.665222038727
1317383446.77897071 -8.73759428971 75.6633189167 -0.3498840332 0.00281781059186 0.0151278175978 0.746246223557 0.665492135871
1317383446.181998968 -8.89233099658 76.9967745882 -0.35679626464 0.00267102881871 0.015061480291 0.746140320045 0.665612980807
1317383446.286087989 -9.05979205552 78.4601668678 -0.3646697998 0.00305461395166 0.0155904312486 0.74607511763 0.665672236646
1317383446.390173912 -9.20996106358 79.7875206992 -0.37439727783 0.00377029522748 0.0157035774491 0.746084945905 0.665654892585
1317383446.494257926 -9.36167197372 81.1118854387 -0.38023376464 0.0040739261597 0.0159378824125 0.746167267078 0.665555254333
1317383446.598370075 -9.52820717182 82.5670438237 -0.38779449462 0.00396233272163 0.0160146171263 0.746250998222 0.665460201372
1317383446.702481985 -9.68391675502 83.8888120996 -0.39430236816 0.00431274247354 0.0160119197357 0.746414735656 0.665274425387
1317383446.806593894 -9.85809069069 85.3381237332 -0.40151977539 0.00405864691626 0.0160119913729 0.746675951318 0.664982832291
1317383446.910703897 -10.0227417194 86.6566678048 -0.40428161621 0.00393270971905 0.0163708953165 0.74697196746 0.664642315392
1317383447.14792919 -10.1828482287 87.9720157152 -0.41020965576 0.00423959514931 0.0174772823467 0.747313419189 0.664228292031
1317383447.118877887 -10.3633329129 89.4137414242 -0.4165649414 0.00472615881808 0.0185708166605 0.747710597804 0.663748182764
1317383447.222985982 -10.5265811158 90.719456017 -0.42524719238 0.0053067257416 0.0193533640778 0.74788811126 0.663521408092
1317383447.327074050 -10.7100648414 92.1514933729 -0.43463897705 0.00603146821723 0.0196261230545 0.748034467197 0.663342198695
1317383447.431159973 -10.8764005993 93.4497111137 -0.44332122802 0.00661956547594 0.0199078164575 0.748107646036 0.663245663491
1317383447.535269021 -11.0648995546 94.8719951925 -0.45053863525 0.00655800985247 0.0195229005814 0.748158864018 0.663199941987
1317383447.639369964 -11.234385151 96.162128299 -0.45735168457 0.00686737168812 0.0193717671471 0.748117104608 0.663248348386
1317383447.743462085 -11.4021974035 97.4504958163 -0.46426391601 0.00689508042617 0.0188969314013 0.74804804666 0.663339644328
1317383447.847599983 -11.5875273548 98.8649272984 -0.47009277343 0.00627646368329 0.018331499715 0.747940243533 0.663483198148
1317383447.951705932 -11.7485929831 100.147976616 -0.47758483886 0.005635427886 0.0186082470127 0.747869532263 0.663560952595
1317383448.55752038 -11.9315734408 101.556152741 -0.4818572998 0.00463271088432 0.0186314600191 0.747832404553 0.663609901514
1317383448.159838914 -12.0957036052 102.83400552 -0.48991394042 0.00527064341746 0.0184016513105 0.747808091097 0.663638951868
1317383448.263925075 -12.2608182793 104.109878412 -0.49791717529 0.00627099350783 0.0175759904701 0.747772769458 0.663692432123
1317383448.367988109 -12.4336855005 105.514556483 -0.50867462158 0.00691740434344 0.0174028356599 0.747777454985 0.663685293376
1317383448.472074985 -12.6006107192 106.795205238 -0.50764465332 0.00713258771705 0.0185783753059 0.747713326577 0.663723399786
1317383448.576186895 -12.7819832475 108.198387054 -0.50784301757 0.00713424277351 0.0202240916775 0.747469765619 0.663949575029
1317383448.680298089 -12.9524788465 109.472300688 -0.5071029663 0.00738974730601 0.021004807733 0.747158815927 0.664272454245
1317383448.784409999 -13.119724927 110.7419235 -0.51085662841 0.00820735756079 0.0209181374991 0.746916508107 0.664538035573
1317383448.888542890 -13.2996616997 112.135749382 -0.51670074462 0.00847599677828 0.0193221317435 0.746700590712 0.66482557151
1317383448.992676019 -13.4531710538 113.402437694 -0.52585601806 0.00865728772097 0.0179087481857 0.746372599219 0.665230990892
1317383449.96812963 -13.6208306551 114.797329603 -0.53286743164 0.00765299268588 0.0166776791499 0.745912221192 0.665791442568
1317383449.200947999 -13.7710946433 116.067402927 -0.53796386718 0.00639902249033 0.0168547622814 0.74547592289 0.666288689601
1317383449.305057048 -13.9329241907 117.466396708 -0.54497528076 0.00544226630568 0.0176685550929 0.74511342231 0.666681477012
1317383449.409167051 -14.0782892619 118.7394081 -0.55614471435 0.00550402957707 0.0182423506261 0.744853419198 0.666956000206
1317383449.513302087 -14.2287361816 120.020905186 -0.56369018554 0.00561688284885 0.0178318614954 0.744532132594 0.667324792644
1317383449.617435932 -14.4073395061 121.451159836 -0.55685424804 0.00516668637265 0.0169685095244 0.744115563901 0.667815395598
1317383449.721569061 -14.5641579765 122.745588256 -0.5557937622 0.00462909201219 0.0161176404407 0.743769857194 0.668225405611
1317383449.825706958 -14.734865182 124.171752194 -0.55409240722 0.00476136682349 0.0154459754717 0.74338118706 0.668672686711
1317383449.929842948 -14.8854586004 125.464105655 -0.55612182617 0.00460359750173 0.0148744338086 0.743040209362 0.669065621131
1317383450.33978939 -15.0421109325 126.760690096 -0.54361724853 0.0049786331982 0.0150794890928 0.742736673911 0.669395290877
1317383450.138092041 -15.2072689657 128.181272713 -0.53701019287 0.00484386086282 0.0155679005327 0.742461687406 0.669690092669
1317383450.242199897 -15.359632839 129.475821825 -0.52740478515 0.00458839747916 0.0164073487304 0.742181577011 0.669982277573
1317383450.346307992 -15.5191850798 130.8946104 -0.52784729003 0.00492005869274 0.0168417234976 0.742060887028 0.670102819957
1317383450.450419902 -15.6645422325 132.186795107 -0.5259399414 0.00545030820926 0.0177058662491 0.742046606331 0.670092255196
1317383450.554531097 -15.8123558644 133.476039315 -0.51704406738 0.00578905653481 0.0184833260094 0.742130228474 0.669975803644
1317383450.658643007 -15.9763147673 134.89411935 -0.50827789306 0.00647055838846 0.0189481702548 0.742304323761 0.669763681939
1317383450.762754917 -16.1221948277 136.182134413 -0.5071105957 0.00703596350032 0.0194874780743 0.742691265055 0.669313393132
1317383450.866863012 -16.2844980118 137.599697935 -0.50405883789 0.00710363740841 0.0203316307098 0.743054583441 0.668884182169
1317383450.970973014 -16.4318036246 138.887300956 -0.50349426269 0.00750470865223 0.0209946960457 0.743362412067 0.66851718483
1317383451.75083971 -16.5965643611 140.303849466 -0.49723052978 0.00781577353589 0.0212431219314 0.743810353035 0.668007336915
1317383451.179218053 -16.7459506792 141.590583576 -0.49766540527 0.00807685868246 0.0211897362996 0.744207295221 0.667563675741
1317383451.283353090 -16.8968148055 142.877048809 -0.49944305419 0.00835770953459 0.0211636984194 0.744536445986 0.667193920206
1317383451.387463092 -17.063759153 144.291766975 -0.50022888183 0.00967165206737 0.0212198849939 0.744856844228 0.666816659385
1317383451.491575956 -17.2160917091 145.57653428 -0.49562835693 0.0119896935628 0.0227140423257 0.745142647603 0.666410349749
1317383451.595685005 -17.3847385717 146.990999207 -0.48043823242 0.0133206469937 0.0263598820151 0.745441751855 0.665916144553
1317383451.699817895 -17.5348093378 148.27653526 -0.47751617431 0.015437779589 0.0293942587092 0.745791458358 0.665351601153
1317383451.803956031 -17.6883987831 149.561023292 -0.47657012939 0.0173987264507 0.0298799719594 0.74613500783 0.664896248812
1317383451.908091068 -17.8608163132 150.97328349 -0.48081970214 0.0189657885608 0.0284941277711 0.74605031292 0.665009258686
1317383452.12248039 -18.0220234259 152.25717468 -0.47455596923 0.0184491892411 0.0266175908622 0.745831216639 0.665347223305
1317383452.116406917 -18.1912207984 153.66974048 -0.47101593017 0.0183427851678 0.0265920457859 0.745570951153 0.665642818733
1317383452.220567941 -18.3395801671 154.95448057 -0.46422576904 0.0180769962624 0.0285636642785 0.745331305547 0.665836754964
1317383452.324727058 -18.4835424784 156.240998667 -0.46105194091 0.0186279974678 0.0316129966287 0.745071625665 0.665974390486
1317383452.428883075 -18.6375413942 157.655549034 -0.46332550048 0.0198011883572 0.0334885879878 0.744989930282 0.665940260979
1317383452.533041000 -18.7780656797 158.942609347 -0.46725463867 0.0202778757994 0.0342882257643 0.744981693401 0.665894437449
1317383452.637200117 -18.9342073433 160.359431719 -0.46949005126 0.0195625928499 0.0337779665162 0.744723965672 0.666230117071
1317383452.741359949 -19.0797916844 161.648555355 -0.47438812255 0.0184049951408 0.0322621599541 0.744405969595 0.66669345401
1317383452.845521926 -19.2339783121 163.067992836 -0.47939300537 0.0181175735532 0.0301022619716 0.744147226417 0.667091082813
1317383452.949678897 -19.37370226 164.361558218 -0.48511505126 0.0175016500821 0.0288175460051 0.74395365606 0.667380100783
1317383453.53837060 -19.5130244298 165.657758465 -0.4868850708 0.016347507548 0.0285436346654 0.743850988461 0.667535562261
1317383453.157996892 -19.664352552 167.085605078 -0.48917388916 0.0158636184121 0.0278172113466 0.743961814057 0.667454393639
1317383453.262131929 -19.8050419977 168.385661519 -0.49542999267 0.0161252990226 0.0263757370457 0.744148284008 0.667298753659
1317383453.366264104 -19.9615522174 169.817871579 -0.50035095214 0.0160072794116 0.0239777610524 0.744378056221 0.667135775834
1317383453.470396995 -20.0809997867 171.120917239 -0.51299285888 0.0149135821603 0.0218106359193 0.744505804734 0.667092938011
1317383453.574533939 -20.2052222969 172.428832358 -0.51385498046 0.013146012573 0.0203921997312 0.744475716508 0.667208549161
1317383453.678693056 -20.3581841186 173.873556837 -0.51453399658 0.0110065039985 0.0199675351672 0.744342156287 0.667409101514
1317383453.782825946 -20.4907830699 175.189961656 -0.51802825927 0.0101454150397 0.0204435559727 0.744302404947 0.667452666159
1317383453.886960983 -20.6391570864 176.635966622 -0.53955078125 0.0106444666947 0.0220247951561 0.744550401339 0.667117908314
1317383453.991096973 -20.772098663 177.951588719 -0.55745697021 0.0115237527855 0.0229164241109 0.745051963222 0.666513025174
1317383454.95207929 -20.9288241897 179.40243362 -0.57263946533 0.0132921628651 0.0216123605572 0.745755270163 0.665736660626
1317383454.199341058 -21.0738756462 180.72249583 -0.58459472656 0.0145694774746 0.0197912727914 0.746234421619 0.665229452022
1317383454.303498983 -21.2268016703 182.04688715 -0.58889007568 0.0133992789003 0.0177500768069 0.746484558387 0.66503097536
1317383454.407658100 -21.3958571493 183.507203055 -0.59029388427 0.0114279135775 0.0166692525533 0.746580741371 0.664987770883
1317383454.511792898 -21.5433623921 184.838305047 -0.59239959716 0.0097647864415 0.0170381641662 0.74652209258 0.665070759542
1317383454.615928888 -21.7060870013 186.305775098 -0.59140777587 0.00866406920854 0.0174954849793 0.746397269246 0.665214219911
1317383454.720055103 -21.8601707013 187.642876755 -0.58901214599 0.0085761552562 0.0179850916206 0.746366676403 0.665236627371
1317383454.824188947 -22.0131283413 188.983187072 -0.5880279541 0.00875442898641 0.018757934159 0.74637160487 0.6652074318
1317383454.928333997 -22.1803814353 190.460900966 -0.58626556396 0.00949504692315 0.01992849731 0.746341056899 0.665197508914
1317383455.32444000 -22.3349069081 191.807319383 -0.58325958251 0.010346600735 0.0208759167598 0.746187040833 0.665328523397
1317383455.136579036 -22.5048007196 193.292659685 -0.57640075683 0.0110180570501 0.0224121944978 0.746028788235 0.665445221699
1317383455.240714073 -22.6600480219 194.647013144 -0.57153320312 0.0116665629928 0.0244559993781 0.745844430286 0.665568840327
1317383455.344849109 -22.8347452815 196.139490038 -0.55846405029 0.0128502728064 0.0256559085736 0.745712964405 0.665649171533
1317383455.448982954 -22.993858136 197.498345447 -0.55744171142 0.0137590534841 0.0236210331507 0.745662624673 0.665762709534
1317383455.553117036 -23.1599540795 198.858662311 -0.54267120361 0.0137657554427 0.0194685926671 0.745591766774 0.665976272247
1317383455.657274961 -23.3442961712 200.360534265 -0.53021240234 0.0106359320935 0.015666778637 0.745294192634 0.66646679994
1317383455.761434078 -23.5123886635 201.728876253 -0.5161819458 0.00641745924145 0.0140308585044 0.744933910233 0.666959834332
1317383455.865567922 -23.6886147608 203.237774391 -0.51811981201 0.00503204837585 0.0143133918971 0.744702081706 0.667224561003
1317383455.969679117 -23.8437095581 204.611821091 -0.52256011962 0.00570635037965 0.0150303593974 0.744853455539 0.667034373652
1317383456.73787927 -23.9987287307 205.990783518 -0.52586364746 0.00669280711595 0.0161626856407 0.745195233048 0.666616860399
1317383456.177900075 -24.1722741524 207.511128228 -0.53246307373 0.00759434889052 0.0170883808864 0.745558245213 0.666178066359
1317383456.282011032 -24.3318991718 208.901655233 -0.53930664062 0.00781324336776 0.0166786941736 0.745727457181 0.665996496984
1317383456.386100053 -24.5117378191 210.435245259 -0.53396606445 0.00724287169387 0.0161707979084 0.745782539271 0.665953789856
1317383456.490186929 -24.6759477683 211.831322264 -0.52973937988 0.00648910685575 0.0160348612306 0.74583669592 0.665904195615
1317383456.594320058 -24.8405902724 213.22940123 -0.52277374267 0.00670941886365 0.0162227038146 0.745903266843 0.665822892437
1317383456.698452949 -25.0177222696 214.775856026 -0.5218963623 0.00740886001325 0.0159028632107 0.746033622086 0.665677130787
1317383456.802565097 -25.1781184335 216.184032249 -0.52433013916 0.00769877915597 0.0161481259845 0.74608498911 0.665610363389
1317383456.906675100 -25.3602600404 217.736611911 -0.52300262451 0.00745725820927 0.0161253896968 0.746246451539 0.665432637216
1317383457.10783910 -25.5280730301 219.148949836 -0.52109527587 0.00764756686984 0.015937970727 0.74635583998 0.665312299553
1317383457.114895105 -25.7108372467 220.706052418 -0.51767730712 0.00771670004923 0.0158100769439 0.746428200808 0.665233368861
1317383457.219006061 -25.8765096925 222.123325537 -0.51905059814 0.00735241218545 0.0154378666339 0.746550079306 0.665109459711
1317383457.323117971 -26.0410630262 223.544140566 -0.52033233642 0.00762998414621 0.0154407320686 0.746655272426 0.6649881738
1317383457.427231073 -26.2216821233 225.108558151 -0.52373504638 0.00742270558034 0.0152964171321 0.746752312907 0.664884881941
1317383457.531338930 -26.3852416272 226.531845451 -0.52213287353 0.00767090835344 0.0156802037686 0.746777886654 0.664844400127
1317383457.635452985 -26.5662129539 228.097821751 -0.52569580078 0.0083444227359 0.0159626059702 0.74672224654 0.66489206067
1317383457.739563941 -26.7288664413 229.522435578 -0.53079223632 0.00857877050082 0.0164799880676 0.746658013056 0.664948589163
1317383457.843650102 -26.8922474657 230.950952687 -0.53352355957 0.00882986718606 0.0173132444055 0.746576026324 0.665016181707
1317383457.947736978 -27.0723871235 232.524807865 -0.53437042236 0.00871496464092 0.0175205590172 0.746579331263 0.665008557489
1317383458.51825046 -27.2387851285 233.957663717 -0.53211212158 0.00864767055387 0.0173432383567 0.746611796381 0.664977635249
1317383458.155910968 -27.4215860922 235.535664127 -0.52986907958 0.00885371203642 0.0166552732406 0.746535776129 0.665077851546
1317383458.259994029 -27.5891013481 236.973444296 -0.52652740478 0.00815717364463 0.0164510665011 0.746382668124 0.66526365875
1317383458.364082098 -27.7561634022 238.413926568 -0.52201080322 0.00714086909645 0.017133152131 0.746185272374 0.665479528143
1317383458.468194007 -27.9383849914 240.002290762 -0.52211761474 0.00708812068808 0.0173598769939 0.746003092853 0.665678434884
1317383458.572282075 -28.1044306786 241.447822383 -0.52239227294 0.00757414476555 0.0167574009424 0.745850733785 0.665859222927
1317383458.676368951 -28.2855514308 243.04102705 -0.52407073974 0.00808357708232 0.0162967360582 0.745655304001 0.666083508121
1317383458.780481100 -28.449269636 244.491775231 -0.5273361206 0.00758626254413 0.0160681770981 0.745568482703 0.666192089345
1317383458.884588956 -28.6118007237 245.94554525 -0.52938842773 0.00741147292397 0.0165576416944 0.745539751316 0.66621422514
1317383458.988675117 -28.7911273597 247.545894569 -0.53322601318 0.00709555047405 0.0167848328437 0.745650946408 0.666087523281
1317383459.92737913 -28.9554258081 249.002295432 -0.53466796875 0.00688380649313 0.0167879667297 0.745729678287 0.666001519746
1317383459.196800947 -29.135741143 250.607998006 -0.54197692871 0.00633494860551 0.0162480601537 0.745730932855 0.666018952246
1317383459.300864934 -29.3002824124 252.070177641 -0.54841613769 0.00600705516642 0.0159049153949 0.745674693447 0.666093237098
1317383459.404902935 -29.4811861938 253.680449645 -0.55702209472 0.00581551438234 0.01571889856 0.745718259875 0.666050578342
1317383459.508940935 -29.6462848845 255.147380645 -0.56045532226 0.00620484038876 0.0163880276347 0.74569937889 0.666052076664
1317383459.612978935 -29.8114453627 256.614648346 -0.5631942749 0.00634829983815 0.0171970013178 0.745719042811 0.666008311828
1317383459.716993093 -29.9920727068 258.229836989 -0.56643676757 0.00694624077439 0.0186396160236 0.745669178417 0.666019362191
1317383459.821034908 -30.1555941867 259.698291565 -0.5729522705 0.00772099768295 0.0189458762386 0.745752125152 0.665909308991
1317383459.925071954 -30.3361281491 261.31410074 -0.58098602294 0.00866984778927 0.0189900281651 0.745818615439 0.665821902189
1317383460.29108047 -30.5032473487 262.784739318 -0.58006286621 0.00863699133774 0.0202678468632 0.745615229355 0.666012422195
1317383460.133147954 -30.6729291597 264.257140005 -0.57572174072 0.00800947358057 0.0214813104168 0.745461493904 0.666154308507
1317383460.237189054 -30.8558055364 265.877010864 -0.56671905517 0.00908534089345 0.0218800202904 0.745384903593 0.66621322922
1317383460.341228008 -31.0221490815 267.349023846 -0.56317138671 0.00992292987991 0.0216937929978 0.745279532658 0.666325245663
1317383460.445265054 -31.2068716915 268.969452566 -0.5525894165 0.00959078841134 0.0212799421005 0.745059795958 0.666589139793
1317383460.549300909 -31.3747477748 270.442729464 -0.54342651367 0.00897168447664 0.0208721728625 0.744732261608 0.666976551161
1317383460.653320074 -31.5418774184 271.916980849 -0.53221130371 0.0085665632313 0.0201208037221 0.744445810626 0.667324660337
1317383460.757359981 -31.7251188993 273.539525521 -0.52570343017 0.00817481253976 0.0196214598925 0.744122968492 0.667704409536
1317383460.861419916 -31.8944534869 275.016307371 -0.50583648681 0.00804903839329 0.0192335015027 0.743878059284 0.667990058546
1317383460.965482950 -32.0755862737 276.640522829 -0.493850708 0.00816271534065 0.0188956748029 0.743583571993 0.66832611427
1317383461.69545984 -32.2411273282 278.119996227 -0.47489929199 0.00849101997745 0.0189412022048 0.743285364693 0.668652376106
1317383461.173608064 -32.4012442159 279.601019782 -0.46845245361 0.0086256125838 0.0191833307713 0.743008136803 0.668951797421
1317383461.277695894 -32.5755533231 281.232243279 -0.45994567871 0.00843088458745 0.0200016281348 0.742737906531 0.669230346936
1317383461.381757974 -32.7309599398 282.71474851 -0.45909881591 0.00871405236104 0.0206698509043 0.742608559118 0.669349946202
1317383461.485795021 -32.9024334217 284.34585481 -0.45703887939 0.00988603554824 0.0201004702168 0.742576484016 0.669386586947
1317383461.589858055 -33.0586628327 285.82912546 -0.45296478271 0.0111102083506 0.0196116977847 0.742671192593 0.669276806914
1317383461.693898916 -33.2149931716 287.314832075 -0.44638824462 0.0111116938149 0.0193561918847 0.742948126371 0.668976793034
1317383461.797936916 -33.3896747618 288.952128971 -0.44123077392 0.0114189497814 0.0202116094973 0.743180729033 0.668687896123
1317383461.901977062 -33.5479675517 290.442968194 -0.43949127197 0.0116208472365 0.0199792428363 0.743509600861 0.6683257134
1317383462.6015062 -33.7251031324 292.087323708 -0.43352508544 0.0116309297231 0.019790287425 0.743712296873 0.668105594556
1317383462.110053062 -33.8885622922 293.584864557 -0.42553710937 0.0114410430167 0.0199377185465 0.74394143439 0.667849333392
1317383462.214067935 -34.0531423376 295.086212918 -0.4162826538 0.0114865911387 0.0201856270343 0.744206876326 0.667545297275
1317383462.318105936 -34.2309728246 296.744272866 -0.41672515869 0.0114042279172 0.0207066406206 0.744563816949 0.667132596348
1317383462.422142982 -34.3957292624 298.258503336 -0.41519927978 0.0103210409093 0.0206387160568 0.744777944222 0.666913287703
1317383462.526185035 -34.5807444752 299.925817381 -0.41422271728 0.0099137134922 0.0206196592998 0.744559985064 0.667163380723
1317383462.630222082 -34.748709875 301.447267849 -0.41131591796 0.00990507038848 0.0202387633992 0.744253206387 0.667517375668
1317383462.734236955 -34.9138424153 302.971973336 -0.41310882568 0.0104598043129 0.0205533587536 0.744110851551 0.667657990697
1317383462.838277101 -35.0942715378 304.654583495 -0.41032409667 0.0114134064622 0.0209196998907 0.744021867717 0.667730155578
1317383462.942339897 -35.2616227648 306.188513309 -0.40948486328 0.012657915537 0.0208970382239 0.743894570054 0.667850252386
1317383463.46377897 -35.4507130565 307.88077438 -0.39722442626 0.0131315419476 0.0206445589751 0.743908624577 0.667833304853
1317383463.150392055 -35.621363671 309.421993689 -0.389503479 0.0133099817081 0.0201586208303 0.744591700914 0.667082958352
1317383463.254406929 -35.7974421679 310.962220069 -0.37754058837 0.0129449366294 0.019929356403 0.74532022005 0.666282987142
1317383463.358422040 -36.0007364955 312.663115355 -0.36171722412 0.0111022941156 0.0203639707889 0.745494654238 0.666107925385
1317383463.462460994 -36.1814432447 314.215996487 -0.35184478759 0.0102865444967 0.0218810269514 0.745322542314 0.666265499317
1317383463.566498994 -36.3791267002 315.927329233 -0.3410873413 0.0103482386449 0.0225742314867 0.745234759371 0.666339606698
1317383463.670515060 -36.5561971 317.483633993 -0.33908081054 0.0112815218918 0.0226641398085 0.745123352038 0.666445987518
1317383463.774554014 -36.751477193 319.196936994 -0.33280944824 0.0115141169953 0.0229700371396 0.744994914525 0.666575111923
1317383463.878616094 -36.9271872138 320.754085078 -0.32880401611 0.0113245781264 0.0230585267851 0.744933281869 0.666644180831
1317383463.982659101 -37.1040679383 322.310131249 -0.3200302124 0.0114465366212 0.0230629716018 0.744773461455 0.666820491027
1317383464.86694955 -37.297099743 324.020486271 -0.31475830078 0.0111783099115 0.0222878067619 0.744621882053 0.667020653222
1317383464.190753936 -37.4732323712 325.576646694 -0.30432891845 0.0111944868929 0.021742720632 0.744416742969 0.667267300526
1317383464.294794082 -37.6612555 327.286766825 -0.29790496826 0.0108812409528 0.0228015705663 0.744117033054 0.667571365543
1317383464.398808956 -37.8299499839 328.840654215 -0.29292297363 0.0107749259651 0.0234733108724 0.744065519099 0.667607225796
1317383464.502849102 -37.9985216088 330.391076567 -0.2971496582 0.0117358995242 0.0234531194068 0.744146080904 0.667501932677
1317383464.606888055 -38.1864748636 332.09063255 -0.28848266601 0.0114113177173 0.0231466603585 0.744155638872 0.667507602262
1317383464.710901021 -38.3576274691 333.633072281 -0.28625488281 0.0111112652656 0.0218640666027 0.744216078244 0.667488525189
1317383464.814938068 -38.5448234685 335.326727191 -0.28192901611 0.0123022832995 0.0199454963088 0.744481283045 0.667231931339
1317383464.918977975 -38.7151848521 336.865951605 -0.27437591552 0.0113962337831 0.0197463717524 0.744784233413 0.66691577603
1317383465.23015975 -38.8870835542 338.403635581 -0.26391601562 0.0100022979676 0.0206625660259 0.745077222195 0.666583037113
1317383465.127079010 -39.0754906313 340.095012211 -0.26290893554 0.00836598929678 0.0213082518346 0.745474592657 0.666140826199
1317383465.231120109 -39.2476271772 341.628954956 -0.26947021484 0.00866248972704 0.0207297455923 0.745861341343 0.665722238182
1317383465.335158109 -39.4376551163 343.311528992 -0.28037261962 0.00966576138924 0.0203253674194 0.746488918653 0.665017102655
1317383465.439220905 -39.6113595023 344.840789571 -0.28540039062 0.00944309541425 0.0211847985048 0.747085006724 0.664323735079
1317383465.543308019 -39.7889481459 346.36743752 -0.28525543212 0.00965342944259 0.0220862452012 0.747390621874 0.663947488442
1317383465.647417068 -39.9862013456 348.045046496 -0.28918457031 0.0101346462422 0.0218636666073 0.747534897849 0.663785240515
1317383465.751504898 -40.1717403055 349.567713961 -0.28589630126 0.0106819708147 0.0218116030878 0.747594666586 0.663711054573
1317383465.855590105 -40.3747353448 351.242197521 -0.28449249267 0.0106908801952 0.0218604069049 0.747600186967 0.663703087334
1317383465.959701061 -40.5612780745 352.762626752 -0.27857208251 0.0109110584184 0.0219819695223 0.747583427831 0.663714366465
1317383466.63786983 -40.7460767472 354.282103441 -0.27193450927 0.0113398976662 0.0220298166047 0.747581976026 0.663707226887
1317383466.167849063 -40.9497771295 355.952127791 -0.26457977294 0.0116623449472 0.0218776350454 0.747620636044 0.663663124904
1317383466.271936893 -41.1354502831 357.469021133 -0.25875854492 0.0116869695025 0.0221881272216 0.747591388323 0.663685330454
1317383466.376023054 -41.3404705971 359.137558676 -0.25402832031 0.0119538802915 0.0216871100636 0.747568390298 0.663723041509
1317383466.480083942 -41.5252260567 360.655537544 -0.24852752685 0.0128849684927 0.0218376176137 0.747523653843 0.663751070047
1317383466.584139108 -41.7096716017 362.175392576 -0.23979187011 0.0127754316234 0.0227952187867 0.747467571366 0.663784148729
1317383466.688199043 -41.916696507 363.850061413 -0.22932434082 0.0129111219597 0.0238462818853 0.747489017328 0.663720443217
1317383466.792284965 -42.1028312626 365.373183202 -0.22737121582 0.0133510954232 0.0238390323512 0.747466320909 0.663737559502
1317383466.896404981 -42.3146977057 367.050686056 -0.21852111816 0.0132741811058 0.0231035637372 0.747350307331 0.663895729456
1317383467.521898 -42.5051223068 368.575760732 -0.21249389648 0.0121651896944 0.0227830614101 0.747226046654 0.664067899747
1317383467.104623079 -42.7174795668 370.253095226 -0.20082855224 0.0115993699258 0.0223751104807 0.747074750075 0.664262091985
1317383467.208729982 -42.9068789411 371.780240909 -0.19535064697 0.0115480666083 0.0221513549584 0.746961546874 0.664397777783
1317383467.312813997 -43.0966313552 373.308259816 -0.18872070312 0.0119105551645 0.0219531754334 0.746880678477 0.664488862873
1317383467.416902065 -43.301269823 374.992986076 -0.186378479 0.0119441692033 0.0218026832897 0.746784129756 0.66460171785
1317383467.521013021 -43.4848065124 376.52763484 -0.18353271484 0.0118437053786 0.0216513399565 0.746717399265 0.664683437251
1317383467.625121116 -43.6867068891 378.218166901 -0.18169403076 0.011378372298 0.0212456007126 0.746624898622 0.664808557295
1317383467.729242086 -43.8716252389 379.756691187 -0.1768951416 0.0107038435567 0.0210132509335 0.746539362818 0.664923191641
1317383467.833376884 -44.0557302167 381.2971236 -0.17337036132 0.0105500636022 0.0204009585394 0.746467462215 0.665025431771
1317383467.937503099 -44.2582775428 382.993474519 -0.1695022583 0.0104700115849 0.0198575487363 0.746382234295 0.665138795248
1317383468.41625022 -44.441883398 384.537049156 -0.16397094726 0.0102037893313 0.0196184949485 0.746286703514 0.665257208527
1317383468.145735025 -44.6417443558 386.235524742 -0.16067504882 0.00940473340059 0.0194502658185 0.746215141262 0.665354192217
1317383468.249823093 -44.8229121306 387.782507791 -0.15979003906 0.00878156281698 0.0192772143718 0.746105474318 0.665490716955
1317383468.353908061 -45.0038180941 389.331394633 -0.16177368164 0.00880939500291 0.0188046050397 0.745986352518 0.665637396219
1317383468.458012104 -45.200017326 391.039885473 -0.15843963623 0.00873897441673 0.0188517109813 0.745898849609 0.665735044496
1317383468.562098026 -45.3792910931 392.595529462 -0.15155029296 0.00848046937119 0.0192540782744 0.74586782 0.665761636922
1317383468.666188001 -45.5762970487 394.305514547 -0.14504241943 0.00898832868938 0.0190009667712 0.745790573469 0.665848776926
1317383468.770298957 -45.7551787739 395.862251351 -0.14220428466 0.00941877905899 0.0187205866195 0.745684855919 0.665969159865
1317383468.874378919 -45.9509252055 397.576642225 -0.1367111206 0.00951953698291 0.0189801941543 0.745639236357 0.666011456246
1317383468.978454113 -46.1286819362 399.13666423 -0.13142395019 0.00925011263057 0.0196094257144 0.74556643497 0.666078521561
1317383469.82537889 -46.3067977205 400.695239629 -0.12007904052 0.00904111657023 0.0207437123214 0.745481849407 0.666141703255
1317383469.186625003 -46.5009117955 402.408450148 -0.11776733398 0.00990008191186 0.021219664755 0.745380814987 0.66622755486
1317383469.290689945 -46.6786846918 403.964219124 -0.11148834228 0.0108370256293 0.0214245724773 0.745298510043 0.666298489791
