1317042145.951199054 0.0 0.0 0.0 -0.00906144957246 0.0160555140405 0.964570889035 -0.263178856725
1317042146.54280996 -1.23648799711 -0.74311042577 0.00194549561 -0.00864230720343 0.0165379661555 0.964866613111 -0.262076754226
1317042146.157357931 -2.35723607754 -1.41545998259 0.00496673584 -0.0078050783849 0.0164870130655 0.965172085674 -0.260979125959
1317042146.260449886 -3.47595243168 -2.08109834185 0.01039123535 -0.00704885582637 0.0165173040632 0.965510739226 -0.259743151473
1317042146.363514900 -4.70359340857 -2.80940289469 0.01752471924 -0.00755631062932 0.0157301532657 0.965897810488 -0.258334829518
1317042146.466598987 -5.81726986438 -3.46466544829 0.02359008789 -0.00845575656331 0.0153994649776 0.966270140137 -0.256930677302
1317042146.569679975 -6.92717667425 -4.11290979153 0.02661132813 -0.00834143746272 0.0149978257505 0.96666575387 -0.255465860612
1317042146.672739028 -8.03330310609 -4.75380052114 0.02849578857 -0.00753427410551 0.014734116854 0.967044105551 -0.254070538304
1317042146.775809049 -9.24578346626 -5.44906279398 0.03159332275 -0.00674897115553 0.014090107265 0.967475737046 -0.25248092699
1317042146.878880977 -10.3426332717 -6.0764349699 0.03735351563 -0.00729310291738 0.0130331541676 0.96793259059 -0.250765722568
1317042146.981975078 -11.5442331549 -6.7561021219 0.04521942139 -0.00891271980433 0.0121158912602 0.968489752609 -0.248598808717
1317042147.85092067 -12.6309803702 -7.36463724729 0.04945373535 -0.00978627094836 0.0119014009567 0.968983396791 -0.24664501272
1317042147.188169956 -13.7111646661 -7.96354830591 0.04973602295 -0.009335070364 0.0122880374191 0.969443425047 -0.244829136808
1317042147.291246891 -14.7846776446 -8.553674642 0.04878997803 -0.00860557648443 0.0129822318883 0.969926547033 -0.242898948269
1317042147.394331932 -15.9573422531 -9.19215624686 0.04999542236 -0.00846653234648 0.0130086355461 0.970443091186 -0.240830438277
1317042147.497421026 -17.0174567876 -9.76494814781 0.05065917969 -0.0083044000097 0.0125338761063 0.970881902595 -0.239086323541
1317042147.600550889 -18.1797587216 -10.3875214164 0.05098724365 -0.00786152492304 0.0126163476448 0.971326288923 -0.237285196851
1317042147.703656911 -19.2339283827 -10.9475332955 0.05107879639 -0.00715794388108 0.0122213970373 0.971696613545 -0.235807320751
1317042147.806744098 -20.2861063997 -11.5031818538 0.05207061768 -0.00709702972901 0.0119045742914 0.972028666372 -0.234452948436
1317042147.909826993 -21.3367301911 -12.0546942819 0.05289459229 -0.00743839169029 0.0109126605692 0.97235090663 -0.233150806441
1317042148.12912034 -22.4900193647 -12.6561217643 0.05368804932 -0.00786740030362 0.0106988263986 0.97267260962 -0.231800849054
1317042148.116014003 -23.5365046269 -13.19880446 0.0523147583 -0.00778533764861 0.0102094421499 0.972960970923 -0.230612456014
1317042148.219122886 -24.5812989518 -13.7352193878 0.05130004883 -0.00764617275488 0.0102010870113 0.973266663356 -0.229323953972
1317042148.322257041 -25.6239439307 -14.2668699156 0.05115509033 -0.00742822607722 0.00990559424903 0.973540226935 -0.228180032429
1317042148.425395011 -26.7696546796 -14.8472078424 0.05184936524 -0.0075195970675 0.0102036922953 0.973860571849 -0.226792695916
1317042148.528487920 -27.8096787108 -15.3699627467 0.05252075195 -0.00825665287378 0.0103926968197 0.974128069099 -0.225606570229
1317042148.631571054 -28.8490103942 -15.888041303 0.05337524414 -0.00935390973165 0.0107826582974 0.974393429405 -0.224396264198
1317042148.734688043 -29.990451509 -16.451025743 0.05177307129 -0.00979388417826 0.0119051853826 0.974665370847 -0.223136194432
1317042148.837796926 -31.0261718546 -16.9570892993 0.04949188232 -0.00942149480316 0.0121081256586 0.97491096127 -0.222065860329
1317042148.940912008 -32.0598833112 -17.4618002861 0.04669189453 -0.00943429778324 0.0127251494291 0.975164579454 -0.2209142539
1317042149.44034957 -33.1959515868 -18.0137716476 0.04426574707 -0.0097000378678 0.012948242974 0.975422837269 -0.219746537636
1317042149.147144079 -34.2263780684 -18.5126427375 0.04141998291 -0.00999592502578 0.0130951223547 0.975654973779 -0.218691498219
1317042149.250247001 -35.2548948963 -19.006679194 0.03851318359 -0.0100581019187 0.0138059516333 0.975879910197 -0.217638762996
1317042149.353368997 -36.3843582063 -19.5457556425 0.03488922119 -0.00992394430491 0.0141660850865 0.976132239879 -0.2164871535
1317042149.456497907 -37.4087850272 -20.0327668814 0.03289794922 -0.01015835446 0.014573349772 0.976379225382 -0.215332379252
1317042149.559617042 -38.4313500307 -20.5154483188 0.03175354004 -0.0102864647448 0.0145025267726 0.976610567407 -0.214279408691
1317042149.662758111 -39.4516161347 -20.9948148546 0.03020477295 -0.0104685464451 0.0149280007511 0.976868070536 -0.213064161923
1317042149.765883922 -40.5731706708 -21.5152892545 0.02829742432 -0.010506484288 0.0157585840354 0.977138510701 -0.211758380525
1317042149.869005918 -41.5901492293 -21.985552032 0.02606201172 -0.0105084387983 0.0161606360546 0.977375839776 -0.210629709155
1317042149.972146034 -42.6053219257 -22.4525158289 0.02267456055 -0.0103676472264 0.0168328718986 0.977606427624 -0.20951095194
1317042150.75289011 -43.720679287 -22.9615735472 0.01798248291 -0.0101578225415 0.0171967828808 0.977860815475 -0.20830101982
1317042150.178412914 -44.7325016494 -23.4200782441 0.01689147949 -0.0104657442482 0.0173462372559 0.978105246685 -0.207122433979
1317042150.281537055 -45.7428219522 -23.8744796831 0.01511383057 -0.0105609121192 0.0171520938224 0.978359976339 -0.205927243246
1317042150.384695053 -46.8512357266 -24.371829404 0.01207733154 -0.0102904912685 0.0169220420201 0.978632311588 -0.204662036047
1317042150.487838983 -47.8584423504 -24.8191169244 0.00832366943 -0.0102701425796 0.0171717493759 0.978855651759 -0.20357128534
1317042150.590974092 -48.8626713943 -25.2626178917 0.0062789917 -0.0103923974924 0.0171320391812 0.979099512132 -0.202392284071
1317042150.694120883 -49.9648032363 -25.7444688841 0.00378417969 -0.0104033645421 0.016507257375 0.979382798807 -0.201068679465
1317042150.797276973 -50.9611531774 -26.1779728918 0.000999450679998 -0.0100553714183 0.0161863574409 0.979618756071 -0.19995995622
1317042150.900435924 -51.9517729896 -26.6062000119 -0.00157928467 -0.00962239274762 0.0157051963024 0.979859644544 -0.198836197309
1317042151.3606081 -53.0314916197 -27.0709913648 -0.00270080566 -0.00867125545117 0.0148917037453 0.980119358295 -0.197659024546
1317042151.106764078 -54.0048933962 -27.487941809 -0.00352478027 -0.0077251674926 0.0145861123729 0.980304207516 -0.196802509738
1317042151.209880113 -54.9717131464 -27.8966561789 -0.000602722170001 -0.00759013038978 0.0152169001094 0.980446419864 -0.196050130445
1317042151.313011884 -56.0266616872 -28.342042644 0.00497436524 -0.00711233519992 0.0142728685921 0.98057563832 -0.195491988181
1317042151.416168928 -56.9802707102 -28.740652645 0.01027679443 -0.0074024083686 0.0144965092248 0.980686281177 -0.194908885079
1317042151.519325971 -57.9275483072 -29.1349805137 0.01605987549 -0.00840963798137 0.0144723447481 0.980764979684 -0.194473349977
1317042151.622487068 -58.8669927982 -29.5268123592 0.0200958252 -0.00914423569322 0.0140802954074 0.980873037302 -0.193923214002
1317042151.725644111 -59.8915705094 -29.9499907983 0.01965332031 -0.00831745935855 0.0139594042074 0.980945388949 -0.193602941101
1317042151.828811883 -60.8138497799 -30.3313990221 0.01878356934 -0.00773408334194 0.0142547819701 0.981014328458 -0.193255976635
1317042151.931972980 -61.818135662 -30.7454783078 0.02075958252 -0.00786371505911 0.0141989443671 0.981064530882 -0.192999839919
1317042152.35099983 -62.7214931247 -31.1187849087 0.02352905274 -0.00829375772364 0.0142078077306 0.981108261197 -0.192758739342
1317042152.138235092 -63.6159772036 -31.4867529697 0.02561187744 -0.00867944830492 0.0142966277684 0.981124921243 -0.192650363422
1317042152.241391897 -64.5004086018 -31.8524268395 0.02649688721 -0.00866513059599 0.0140922641528 0.981167124776 -0.192451024578
1317042152.344542980 -65.464533489 -32.2505673743 0.02660369873 -0.0085217673287 0.0141463912318 0.981218233163 -0.192192710596
1317042152.447695970 -66.3334215949 -32.6087113614 0.02629089356 -0.00834933602271 0.0140411169313 0.9812205283 -0.192196281091
1317042152.550857067 -67.1953740355 -32.9636680456 0.02648162842 -0.00829571782584 0.0144417437846 0.981211052268 -0.192217293733
1317042152.654017925 -68.134577089 -33.3506987737 0.02498626709 -0.00796215147546 0.0140262188093 0.981180504987 -0.192417998024
1317042152.757175922 -68.9802680218 -33.7001159624 0.0234451294 -0.00775937439425 0.0142674293349 0.98116499708 -0.192487612779
1317042152.860331058 -69.8185580247 -34.0454305848 0.02171325684 -0.00727368333366 0.0142058064828 0.981121493734 -0.192732724583
1317042152.963515996 -70.7311315228 -34.42366928 0.02207946777 -0.0064677756608 0.0139419892464 0.981109096338 -0.192843796624
1317042153.66709995 -71.5520715971 -34.761396592 0.0246963501 -0.00576797410292 0.013615053909 0.981091343393 -0.192979627682
1317042153.169872999 -72.3657689837 -35.0982883242 0.02847290039 -0.00569289454779 0.0133044687598 0.981078267872 -0.193069972737
1317042153.273053884 -73.2526171129 -35.4673637436 0.03591918945 -0.00621244150332 0.0123210442891 0.981056531917 -0.193229600791
1317042153.376247882 -74.0513178271 -35.7974979365 0.04262542725 -0.00702240382666 0.0117281218736 0.981032289425 -0.193361795886
1317042153.479417085 -74.8431211333 -36.1264259787 0.04879760742 -0.0077819577579 0.0110228399655 0.981017689566 -0.19344826412
1317042153.582596063 -75.6272485971 -36.4540496673 0.05304718018 -0.00793644343202 0.0101779851958 0.980990780995 -0.193624660322
1317042153.685789108 -76.4810272588 -36.8133555539 0.05494689941 -0.00772085327226 0.00920125627004 0.980998227061 -0.193644529513
1317042153.788963079 -77.2499127579 -37.1382341967 0.05602264404 -0.00771968823014 0.00864643323137 0.980967522705 -0.193825604612
1317042153.892143964 -78.012127582 -37.4590245346 0.057762146 -0.00847923022665 0.00849465857964 0.980962127482 -0.193827882093
1317042153.995342969 -78.8412893153 -37.8087432492 0.05917358398 -0.00956532262511 0.00809702000981 0.980934810257 -0.193932567909
1317042154.98526000 -79.5859076774 -38.1217194153 0.0597076416 -0.0101964816382 0.00808169030505 0.980906699116 -0.194043205686
1317042154.201699972 -80.3214838122 -38.4309875336 0.05773925781 -0.0101866047105 0.00797604372074 0.980871561984 -0.194225628336
1317042154.304858922 -81.1197067113 -38.7666827044 0.05365753174 -0.0101630094748 0.00879852254426 0.980837017948 -0.194365746626
1317042154.408025026 -81.835840315 -39.0667137867 0.05010986328 -0.0100940390238 0.00958697805996 0.980796029803 -0.194538808853
1317042154.511240959 -82.541347707 -39.3643275672 0.04809570313 -0.00958944442969 0.00959473099546 0.980756575609 -0.194762735377
1317042154.614444971 -83.3066248982 -39.686523282 0.0464630127 -0.00902727633378 0.00990810920499 0.9807236272 -0.194939746348
1317042154.717647075 -83.9929183322 -39.9779640748 0.04419708252 -0.00887746337589 0.0105576168155 0.980655478877 -0.195255112914
1317042154.820852994 -84.6697699907 -40.2649404174 0.04342651367 -0.00898825988406 0.0107681012422 0.980612029484 -0.195456662234
1317042154.924056053 -85.4033552335 -40.5771943196 0.04486083984 -0.00952743606615 0.0108688071998 0.980574139885 -0.195615574996
1317042155.27261972 -86.0599805021 -40.8536303085 0.04633331299 -0.00977337414067 0.0111564135173 0.980509629887 -0.195910390979
1317042155.130462884 -86.7068011349 -41.1265505115 0.04695892334 -0.00967188769749 0.011543969005 0.980483714353 -0.196022644754
1317042155.233678102 -87.4061315977 -41.4245053716 0.04708099365 -0.00942573633746 0.0114060329316 0.980484607485 -0.196038242167
1317042155.336885929 -88.0320670699 -41.6906105038 0.04666137695 -0.00940647558429 0.0115558818806 0.980502085534 -0.195942951069
1317042155.440092086 -88.6486654414 -41.9519633157 0.04792785645 -0.00992814428837 0.0123862121727 0.980546782577 -0.195642584518
1317042155.543304920 -89.3158783506 -42.2334014531 0.04943847656 -0.0106872457107 0.0123245402137 0.980595947029 -0.19535986578
1317042155.646498918 -89.9114872736 -42.486484271 0.05088043213 -0.0112098897285 0.0126753332001 0.980686838092 -0.194851225025
1317042155.749804019 -90.4967471244 -42.7369052232 0.05099487305 -0.011434614127 0.0126001920698 0.980778055487 -0.194383359974
1317042155.853023052 -91.072118655 -42.9804792935 0.04991912842 -0.0116862039144 0.0125973050199 0.980843904612 -0.194036015547
1317042155.956131935 -91.6922528645 -43.2426871946 0.04760742188 -0.012010467804 0.0133210436639 0.980918686488 -0.19358933069
1317042156.59324026 -92.2438721331 -43.4757877169 0.04503631592 -0.0122658211963 0.013975585565 0.981006919128 -0.19307940662
1317042156.162530899 -92.7828660478 -43.7038914682 0.04237365723 -0.0126638992072 0.0143613333684 0.981049269304 -0.192810033344
1317042156.265753984 -93.3611883493 -43.9473070917 0.04045104981 -0.0130813317384 0.0143998851159 0.981111626434 -0.192461680715
1317042156.368931055 -93.871877454 -44.1637606677 0.03691101074 -0.0128335181582 0.0142488566583 0.981135088419 -0.192369979904
1317042156.472095966 -94.3692065396 -44.3723946572 0.03246307373 -0.0126394375281 0.0144743920127 0.98113268468 -0.192378251493
1317042156.575277090 -94.9025159058 -44.5929850359 0.02878570557 -0.0133704242001 0.0165222545597 0.981093407154 -0.192364168443
1317042156.678471088 -95.3729040842 -44.7854650123 0.02634429932 -0.0144868110148 0.0188027065569 0.981019139167 -0.192452693202
1317042156.781641006 -95.8722494403 -44.9930495801 0.0235748291 -0.0143653827524 0.0192934000386 0.98097782705 -0.192623735114
1317042156.884828090 -96.3086410245 -45.1791938455 0.02114105225 -0.0133806995524 0.0175321776127 0.981002380179 -0.192737930128
1317042156.988034009 -96.7317368537 -45.3601750382 0.01847076416 -0.012233092906 0.0155172338782 0.981029155201 -0.192850624932
